A

0 3 3 0
3 0 0 3
3 0 0 3
3 3 3 3
3 0 0 3
3 0 0 3
3 0 0 3

B

3 3 3 0
3 0 0 3
3 0 0 3
3 3 3 3
3 0 0 3
3 0 0 3
3 3 3 0

C

3 3 3 3
3 0 0 0
3 0 0 0
3 0 0 0
3 0 0 0
3 0 0 0
3 3 3 3

D

3 3 3 0
3 0 0 3
3 0 0 3
3 0 0 3
3 0 0 3
3 0 0 3
3 3 3 0

E

3 3 3 3
3 0 0 0
3 0 0 0
3 3 3 3
3 0 0 0
3 0 0 0
3 3 3 3

F

3 3 3 3
3 0 0 0
3 0 0 0
3 3 3 0
3 0 0 0
3 0 0 0
3 0 0 0

G

3 3 3 3
3 0 0 0
3 0 0 0
3 0 3 0
3 0 0 3
3 0 0 3
3 3 3 0

H

3 0 0 3
3 0 0 3
3 0 0 3
3 3 3 3
3 0 0 3
3 0 0 3
3 0 0 3

I

3
3
3
3
3
3
3

J

0 0 0 3
0 0 0 3
0 0 0 3
0 0 0 3
0 3 0 3
3 0 0 3
0 3 3 0

K

3 0 0 3
3 0 3 0
3 3 0 0
3 0 0 0
3 3 0 0
3 0 3 0
3 0 0 3

L

3 0 0 0
3 0 0 0
3 0 0 0
3 0 0 0
3 0 0 0
3 0 0 0
3 3 3 3

M

3 0 0 3
3 3 3 3
3 0 0 3
3 0 0 3
3 0 0 3
3 0 0 3
3 0 0 3

N

3 0 0 3
3 0 0 3
3 3 0 3
3 0 3 3
3 0 0 3
3 0 0 3
3 0 0 3

O

0 3 3 0
3 0 0 3
3 0 0 3
3 0 0 3
3 0 0 3
3 0 0 3
0 3 3 0

P

3 3 3 3
3 0 0 3
3 0 0 3
3 3 3 3
3 0 0 0
3 0 0 0
3 0 0 0

Q

0 3 3 0
3 0 0 3
3 0 0 3
3 0 0 3
3 0 0 3
3 0 4 3
0 3 3 4

R

3 3 3 3
3 0 0 3
3 0 0 3
3 3 3 3
3 3 0 0
3 0 3 0
3 0 0 3

S

0 3 3 3
3 0 0 0
3 0 0 0
0 3 3 0
0 0 0 3
0 0 0 3
3 3 3 0

T

3 3 3
0 3 0
0 3 0
0 3 0
0 3 0
0 3 0
0 3 0

U

3 0 0 3
3 0 0 3
3 0 0 3
3 0 0 3
3 0 0 3
3 0 0 3
0 3 3 0

V

3 0 0 0 3
3 0 0 0 3
0 3 0 3 0
0 3 0 3 0
0 0 3 0 0
0 0 3 0 0
0 0 3 0 0

W

3 0 0 0 3 3 0 0 0 3
3 0 0 0 3 3 0 0 0 3
0 3 0 3 0 0 3 0 3 0
0 3 0 3 0 0 3 0 3 0
0 0 3 0 0 0 0 3 0 0
0 0 3 0 0 0 0 3 0 0
0 0 3 0 0 0 0 3 0 0

X

3 0 0 3
3 0 0 3
0 3 3 0
0 3 3 0
0 3 3 0
3 0 0 3
3 0 0 3

Y

3 0 0 0 3
0 3 0 3 0
0 0 3 0 0
0 0 3 0 0
0 0 3 0 0
0 0 3 0 0
0 0 3 0 0

Z

3 3 3 3 3
0 0 0 0 3
0 0 0 3 0
0 0 3 0 0
0 3 0 0 0
3 0 0 0 0
3 3 3 3 3

// The next one is the "space" character.
 


// Both emtpy lines above are needed, first to declare the matrix start, the second to declare the finish.

smiley-face

0 0 0 0 0 0 0
0 0 3 0 3 0 0
0 0 3 0 3 0 0
3 0 0 0 0 0 3
0 3 0 0 0 3 0
0 0 3 3 3 0 0
0 0 0 0 0 0 0
